01     36.98677069    35.32578392      31.025
02     37.75545252    38.27349184     671.470
03     38.75012783    30.53754786    1133.846
04     39.71466563    43.04015120    1622.843
05     40.65157436    35.82666495     397.748
06     39.93833655    32.84784700     852.250
07     36.87868837    30.67749941       0.000
08     41.17428157    41.81327559     735.574
09     37.85382997    27.84113823     102.263
10     39.63782244    27.87398880     202.450
11     40.14328712    29.98152053     502.222
12     38.88375130    40.48721596    1174.934
13     38.39781116    42.10305661    1523.780
14     40.73163578    31.59082939     729.990
15     37.71722224    30.27723667     958.393
16     40.18145937    29.05543157     267.372
17     40.14410671    26.40129679       4.351
18     40.59446801    33.61451939     732.117
19     40.55263960    34.94865039     797.849
20     37.77541913    29.07781712     421.091
21     37.91362910    40.21721253     674.808
22     41.67612735    26.54348948      36.168
23     38.66775392    39.20689845    1050.509
24     39.73918602    39.49015243    1195.427
25     39.89820982    41.26916030    1939.122
26     39.76763184    30.51334217     792.224
27     37.06144923    37.36916829     851.624
28     40.91875015    38.38248722       0.000
29     40.46000922    39.47176405    1175.659
30     37.57061557    43.73177747    1701.238
31     36.20040866    36.15284451      87.315
32     37.75921425    30.54808316    1086.641
33     36.79112952    34.62508269       2.971
34     41.01159275    28.97400593      52.584
35     38.42453736    27.13746853      13.271
36     40.59824969    43.08547743    1766.007
37     41.37717305    33.77728495     785.419
38     38.72263181    35.48450925    1055.805
39     41.73087136    27.21642553     206.677
40     39.13978975    34.15705647     979.983
41     40.75718077    29.92589082       0.000
42     37.86473578    32.48841876    1023.833
43     39.41387442    29.97340856    1024.853
44     38.34149964    38.31344637     992.271
45     38.61309523    27.42496769      73.180
46     37.57726008    36.92770393     546.615
47     37.31228804    40.73778710    1047.738
48     37.20916506    28.35229644     633.595
49     38.73163485    41.48482125    1422.098
50     38.61937154    34.71145219    1285.907
51     37.96209794    34.67331643    1217.727
52     40.97792981    37.87085125      67.813
53     41.01860211    40.51041101      90.336
54     40.77437626    30.41693169      32.249
55     41.28565932    36.32521926      72.671
56     37.92835803    41.93528433     874.995
57     42.02616342    35.15003055      22.386
58     39.75028773    37.01579997    1290.502
59     40.97331914    27.51105654       0.000
60     40.30894621    36.55241936     653.622
61     40.99941310    39.68960280      36.337
62     39.09921184    39.54351059     900.897
63     37.15359456    38.78603793     549.333
64     38.67029295    29.40225099     929.015
65     38.49456470    43.38323092    1708.674
66     39.81636749    34.79918435    1284.914
67     41.45438180    31.77882210       3.969
68     38.36601967    34.03017065     972.830
69     40.25631251    40.22288749    1563.821
70     37.18063618    33.21403831    1037.188
71     39.83824100    33.50254287     711.476
72     37.87409191    41.10332276     563.778
73     37.51392979    42.45432430    1266.833
74     41.63003343    32.32772810      12.321
75     41.11365645    42.70139050    1800.233
76     39.91644777    44.04057908     857.645
77     40.65507342    29.25913525       6.782
78     41.18996797    32.60650344     285.566
79     36.71507418    37.10783334     663.852
80     37.98944636    37.34883552    1670.318
81     40.83368967    31.16173261     152.539
